
 Re             =          40.000000000000000     
 x0             =         -8.0000000000000000     
 xl             =          32.000000000000000     
 y0             =         -8.0000000000000000     
 yl             =          16.000000000000000     

 nx             =               1601
 ny             =                801
 ns             =                256
 ms             =                  1
 dx             =          1.9987507807620236E-002
 dy             =          1.9975031210986267E-002

 icfl           =                  1
 cflc           =         0.50000000000000000     
 cflv           =         0.50000000000000000     
 nstart         =                  1
 nend           =                 20
 nstep          =                 20
 tstart         =          0.0000000000000000     
 tend           =          2.0000000000000005E-003
 dtcfl          =          1.0000000000000000E-004
 dt0            =          1.0000000000000000E-004

 isingular      =                  1
 move           =                  1

 total time     =          5.6603489981757269E-003  hours
 beginning time :
 Date: 20220322
 Time: 15:24:03
 ending time    :
 Date: 20220322
 Time: 15:24:24
